25
26
27
28
29
55
56
57
58
59
85
86
87
88
89
115
116
117
118
119
145
146
147
148
149
175
176
177
178
179
205
206
207
208
209
235
236
237
238
239
265
266
267
268
269
295
296
297
298
299
325
326
327
328
329
355
356
357
358
359
385
386
387
388
389
415
416
417
418
419
445
446
447
448
449
475
476
477
478
479
505
506
507
508
509
535
536
537
538
539
565
566
567
568
569
595
596
597
598
599
625
626
627
628
629
655
656
657
658
659
685
686
687
688
689
715
716
717
718
719
745
746
747
748
749
775
776
777
778
779
805
806
807
808
809
835
836
837
838
839
865
866
867
868
869
895
896
897
898
899
925
926
927
928
929
955
956
957
958
959
985
986
987
988
989
1015
1016
1017
1018
1019
1045
1046
1047
1048
1049
1075
1076
1077
1078
1079
1105
1106
1107
1108
1109
1135
1136
1137
1138
1139
1165
1166
1167
1168
1169
1195
1196
1197
1198
1199
1225
1226
1227
1228
1229
1255
1256
1257
1258
1259
1285
1286
1287
1288
1289
1315
1316
1317
1318
1319
1345
1346
1347
1348
1349
1375
1376
1377
1378
1379
1405
1406
1407
1408
1409
1435
1436
1437
1438
1439
1465
1466
1467
1468
1469
1495
1496
1497
1498
1499
1525
1526
1527
1528
1529
1555
1556
1557
1558
1559
1585
1586
1587
1588
1589
1615
1616
1617
1618
1619
1645
1646
1647
1648
1649
1675
1676
1677
1678
1679
1705
1706
1707
1708
1709
1735
1736
1737
1738
1739
1765
1766
1767
1768
1769
1795
1796
1797
1798
1799
1825
1826
1827
1828
1829
1855
1856
1857
1858
1859
1885
1886
1887
1888
1889
1915
1916
1917
1918
1919
1945
1946
1947
1948
1949
1975
1976
1977
1978
1979
2005
2006
2007
2008
2009
2035
2036
2037
2038
2039
2065
2066
2067
2068
2069
2095
2096
2097
2098
2099
2125
2126
2127
2128
2129
2155
2156
2157
2158
2159
2185
2186
2187
2188
2189
2215
2216
2217
2218
2219
2245
2246
2247
2248
2249
2275
2276
2277
2278
2279
2305
2306
2307
2308
2309
2335
2336
2337
2338
2339
2365
2366
2367
2368
2369
2395
2396
2397
2398
2399
2425
2426
2427
2428
2429
2455
2456
2457
2458
2459
2485
2486
2487
2488
2489
2515
2516
2517
2518
2519
2545
2546
2547
2548
2549
2575
2576
2577
2578
2579
2605
2606
2607
2608
2609
2635
2636
2637
2638
2639
2665
2666
2667
2668
2669
2695
2696
2697
2698
2699
2725
2726
2727
2728
2729
2755
2756
2757
2758
2759
2785
2786
2787
2788
2789
2815
2816
2817
2818
2819
2845
2846
2847
2848
2849
2875
2876
2877
2878
2879
2905
2906
2907
2908
2909
2935
2936
2937
2938
2939
2965
2966
2967
2968
2969
2995
2996
2997
2998
2999
3025
3026
3027
3028
3029
3055
3056
3057
3058
3059
3085
3086
3087
3088
3089
3115
3116
3117
3118
3119
3145
3146
3147
3148
3149
3175
3176
3177
3178
3179
3205
3206
3207
3208
3209
3235
3236
3237
3238
3239
3265
3266
3267
3268
3269
3295
3296
3297
3298
3299
3325
3326
3327
3328
3329
3355
3356
3357
3358
3359
3385
3386
3387
3388
3389
3415
3416
3417
3418
3419
3445
3446
3447
3448
3449
3475
3476
3477
3478
3479
3505
3506
3507
3508
3509
3535
3536
3537
3538
3539
3565
3566
3567
3568
3569
3595
3596
3597
3598
3599
3625
3626
3627
3628
3629
3655
3656
3657
3658
3659
3685
3686
3687
3688
3689
3715
3716
3717
3718
3719
3745
3746
3747
3748
3749
3775
3776
3777
3778
3779
3805
3806
3807
3808
3809
3835
3836
3837
3838
3839
3865
3866
3867
3868
3869
3895
3896
3897
3898
3899
3925
3926
3927
3928
3929
3955
3956
3957
3958
3959
3985
3986
3987
3988
3989
4015
4016
4017
4018
4019
4045
4046
4047
4048
4049
4075
4076
4077
4078
4079
4105
4106
4107
4108
4109
4135
4136
4137
4138
4139
4165
4166
4167
4168
4169
4195
4196
4197
4198
4199
4225
4226
4227
4228
4229
4255
4256
4257
4258
4259
4285
4286
4287
4288
4289
4315
4316
4317
4318
4319
4345
4346
4347
4348
4349
4375
4376
4377
4378
4379
4405
4406
4407
4408
4409
4435
4436
4437
4438
4439
4465
4466
4467
4468
4469
4495
4496
4497
4498
4499
4525
4526
4527
4528
4529
4555
4556
4557
4558
4559
4585
4586
4587
4588
4589
4615
4616
4617
4618
4619
4645
4646
4647
4648
4649
4675
4676
4677
4678
4679
4705
4706
4707
4708
4709
4735
4736
4737
4738
4739
4765
4766
4767
4768
4769
4795
4796
4797
4798
4799
4825
4826
4827
4828
4829
4855
4856
4857
4858
4859
4885
4886
4887
4888
4889
4915
4916
4917
4918
4919
4945
4946
4947
4948
4949
4975
4976
4977
4978
4979
5005
5006
5007
5008
5009
5035
5036
5037
5038
5039
5065
5066
5067
5068
5069
5095
5096
5097
5098
5099
5125
5126
5127
5128
5129
5155
5156
5157
5158
5159
5185
5186
5187
5188
5189
5215
5216
5217
5218
5219
5245
5246
5247
5248
5249
5275
5276
5277
5278
5279
5305
5306
5307
5308
5309
5335
5336
5337
5338
5339
5365
5366
5367
5368
5369
5395
5396
5397
5398
5399
5425
5426
5427
5428
5429
5455
5456
5457
5458
5459
