20
21
22
23
24
50
51
52
53
54
80
81
82
83
84
110
111
112
113
114
140
141
142
143
144
170
171
172
173
174
200
201
202
203
204
230
231
232
233
234
260
261
262
263
264
290
291
292
293
294
320
321
322
323
324
350
351
352
353
354
380
381
382
383
384
410
411
412
413
414
440
441
442
443
444
470
471
472
473
474
500
501
502
503
504
530
531
532
533
534
560
561
562
563
564
590
591
592
593
594
620
621
622
623
624
650
651
652
653
654
680
681
682
683
684
710
711
712
713
714
740
741
742
743
744
770
771
772
773
774
800
801
802
803
804
830
831
832
833
834
860
861
862
863
864
890
891
892
893
894
920
921
922
923
924
950
951
952
953
954
980
981
982
983
984
1010
1011
1012
1013
1014
1040
1041
1042
1043
1044
1070
1071
1072
1073
1074
1100
1101
1102
1103
1104
1130
1131
1132
1133
1134
1160
1161
1162
1163
1164
1190
1191
1192
1193
1194
1220
1221
1222
1223
1224
1250
1251
1252
1253
1254
1280
1281
1282
1283
1284
1310
1311
1312
1313
1314
1340
1341
1342
1343
1344
1370
1371
1372
1373
1374
1400
1401
1402
1403
1404
1430
1431
1432
1433
1434
1460
1461
1462
1463
1464
1490
1491
1492
1493
1494
1520
1521
1522
1523
1524
1550
1551
1552
1553
1554
1580
1581
1582
1583
1584
1610
1611
1612
1613
1614
1640
1641
1642
1643
1644
1670
1671
1672
1673
1674
1700
1701
1702
1703
1704
1730
1731
1732
1733
1734
1760
1761
1762
1763
1764
1790
1791
1792
1793
1794
1820
1821
1822
1823
1824
1850
1851
1852
1853
1854
1880
1881
1882
1883
1884
1910
1911
1912
1913
1914
1940
1941
1942
1943
1944
1970
1971
1972
1973
1974
2000
2001
2002
2003
2004
2030
2031
2032
2033
2034
2060
2061
2062
2063
2064
2090
2091
2092
2093
2094
2120
2121
2122
2123
2124
2150
2151
2152
2153
2154
2180
2181
2182
2183
2184
2210
2211
2212
2213
2214
2240
2241
2242
2243
2244
2270
2271
2272
2273
2274
2300
2301
2302
2303
2304
2330
2331
2332
2333
2334
2360
2361
2362
2363
2364
2390
2391
2392
2393
2394
2420
2421
2422
2423
2424
2450
2451
2452
2453
2454
2480
2481
2482
2483
2484
2510
2511
2512
2513
2514
2540
2541
2542
2543
2544
2570
2571
2572
2573
2574
2600
2601
2602
2603
2604
2630
2631
2632
2633
2634
2660
2661
2662
2663
2664
2690
2691
2692
2693
2694
2720
2721
2722
2723
2724
2750
2751
2752
2753
2754
2780
2781
2782
2783
2784
2810
2811
2812
2813
2814
2840
2841
2842
2843
2844
2870
2871
2872
2873
2874
2900
2901
2902
2903
2904
2930
2931
2932
2933
2934
2960
2961
2962
2963
2964
2990
2991
2992
2993
2994
3020
3021
3022
3023
3024
3050
3051
3052
3053
3054
3080
3081
3082
3083
3084
3110
3111
3112
3113
3114
3140
3141
3142
3143
3144
3170
3171
3172
3173
3174
3200
3201
3202
3203
3204
3230
3231
3232
3233
3234
3260
3261
3262
3263
3264
3290
3291
3292
3293
3294
3320
3321
3322
3323
3324
3350
3351
3352
3353
3354
3380
3381
3382
3383
3384
3410
3411
3412
3413
3414
3440
3441
3442
3443
3444
3470
3471
3472
3473
3474
3500
3501
3502
3503
3504
3530
3531
3532
3533
3534
3560
3561
3562
3563
3564
3590
3591
3592
3593
3594
3620
3621
3622
3623
3624
3650
3651
3652
3653
3654
3680
3681
3682
3683
3684
3710
3711
3712
3713
3714
3740
3741
3742
3743
3744
3770
3771
3772
3773
3774
3800
3801
3802
3803
3804
3830
3831
3832
3833
3834
3860
3861
3862
3863
3864
3890
3891
3892
3893
3894
3920
3921
3922
3923
3924
3950
3951
3952
3953
3954
3980
3981
3982
3983
3984
4010
4011
4012
4013
4014
4040
4041
4042
4043
4044
4070
4071
4072
4073
4074
4100
4101
4102
4103
4104
4130
4131
4132
4133
4134
4160
4161
4162
4163
4164
4190
4191
4192
4193
4194
4220
4221
4222
4223
4224
4250
4251
4252
4253
4254
4280
4281
4282
4283
4284
4310
4311
4312
4313
4314
4340
4341
4342
4343
4344
4370
4371
4372
4373
4374
4400
4401
4402
4403
4404
4430
4431
4432
4433
4434
4460
4461
4462
4463
4464
4490
4491
4492
4493
4494
4520
4521
4522
4523
4524
4550
4551
4552
4553
4554
4580
4581
4582
4583
4584
4610
4611
4612
4613
4614
4640
4641
4642
4643
4644
4670
4671
4672
4673
4674
4700
4701
4702
4703
4704
4730
4731
4732
4733
4734
4760
4761
4762
4763
4764
4790
4791
4792
4793
4794
4820
4821
4822
4823
4824
4850
4851
4852
4853
4854
4880
4881
4882
4883
4884
4910
4911
4912
4913
4914
4940
4941
4942
4943
4944
4970
4971
4972
4973
4974
5000
5001
5002
5003
5004
5030
5031
5032
5033
5034
5060
5061
5062
5063
5064
5090
5091
5092
5093
5094
5120
5121
5122
5123
5124
5150
5151
5152
5153
5154
5180
5181
5182
5183
5184
5210
5211
5212
5213
5214
5240
5241
5242
5243
5244
5270
5271
5272
5273
5274
5300
5301
5302
5303
5304
5330
5331
5332
5333
5334
5360
5361
5362
5363
5364
5390
5391
5392
5393
5394
5420
5421
5422
5423
5424
5450
5451
5452
5453
5454
5480
5481
5482
5483
