15
16
17
18
19
45
46
47
48
49
75
76
77
78
79
105
106
107
108
109
135
136
137
138
139
165
166
167
168
169
195
196
197
198
199
225
226
227
228
229
255
256
257
258
259
285
286
287
288
289
315
316
317
318
319
345
346
347
348
349
375
376
377
378
379
405
406
407
408
409
435
436
437
438
439
465
466
467
468
469
495
496
497
498
499
525
526
527
528
529
555
556
557
558
559
585
586
587
588
589
615
616
617
618
619
645
646
647
648
649
675
676
677
678
679
705
706
707
708
709
735
736
737
738
739
765
766
767
768
769
795
796
797
798
799
825
826
827
828
829
855
856
857
858
859
885
886
887
888
889
915
916
917
918
919
945
946
947
948
949
975
976
977
978
979
1005
1006
1007
1008
1009
1035
1036
1037
1038
1039
1065
1066
1067
1068
1069
1095
1096
1097
1098
1099
1125
1126
1127
1128
1129
1155
1156
1157
1158
1159
1185
1186
1187
1188
1189
1215
1216
1217
1218
1219
1245
1246
1247
1248
1249
1275
1276
1277
1278
1279
1305
1306
1307
1308
1309
1335
1336
1337
1338
1339
1365
1366
1367
1368
1369
1395
1396
1397
1398
1399
1425
1426
1427
1428
1429
1455
1456
1457
1458
1459
1485
1486
1487
1488
1489
1515
1516
1517
1518
1519
1545
1546
1547
1548
1549
1575
1576
1577
1578
1579
1605
1606
1607
1608
1609
1635
1636
1637
1638
1639
1665
1666
1667
1668
1669
1695
1696
1697
1698
1699
1725
1726
1727
1728
1729
1755
1756
1757
1758
1759
1785
1786
1787
1788
1789
1815
1816
1817
1818
1819
1845
1846
1847
1848
1849
1875
1876
1877
1878
1879
1905
1906
1907
1908
1909
1935
1936
1937
1938
1939
1965
1966
1967
1968
1969
1995
1996
1997
1998
1999
2025
2026
2027
2028
2029
2055
2056
2057
2058
2059
2085
2086
2087
2088
2089
2115
2116
2117
2118
2119
2145
2146
2147
2148
2149
2175
2176
2177
2178
2179
2205
2206
2207
2208
2209
2235
2236
2237
2238
2239
2265
2266
2267
2268
2269
2295
2296
2297
2298
2299
2325
2326
2327
2328
2329
2355
2356
2357
2358
2359
2385
2386
2387
2388
2389
2415
2416
2417
2418
2419
2445
2446
2447
2448
2449
2475
2476
2477
2478
2479
2505
2506
2507
2508
2509
2535
2536
2537
2538
2539
2565
2566
2567
2568
2569
2595
2596
2597
2598
2599
2625
2626
2627
2628
2629
2655
2656
2657
2658
2659
2685
2686
2687
2688
2689
2715
2716
2717
2718
2719
2745
2746
2747
2748
2749
2775
2776
2777
2778
2779
2805
2806
2807
2808
2809
2835
2836
2837
2838
2839
2865
2866
2867
2868
2869
2895
2896
2897
2898
2899
2925
2926
2927
2928
2929
2955
2956
2957
2958
2959
2985
2986
2987
2988
2989
3015
3016
3017
3018
3019
3045
3046
3047
3048
3049
3075
3076
3077
3078
3079
3105
3106
3107
3108
3109
3135
3136
3137
3138
3139
3165
3166
3167
3168
3169
3195
3196
3197
3198
3199
3225
3226
3227
3228
3229
3255
3256
3257
3258
3259
3285
3286
3287
3288
3289
3315
3316
3317
3318
3319
3345
3346
3347
3348
3349
3375
3376
3377
3378
3379
3405
3406
3407
3408
3409
3435
3436
3437
3438
3439
3465
3466
3467
3468
3469
3495
3496
3497
3498
3499
3525
3526
3527
3528
3529
3555
3556
3557
3558
3559
3585
3586
3587
3588
3589
3615
3616
3617
3618
3619
3645
3646
3647
3648
3649
3675
3676
3677
3678
3679
3705
3706
3707
3708
3709
3735
3736
3737
3738
3739
3765
3766
3767
3768
3769
3795
3796
3797
3798
3799
3825
3826
3827
3828
3829
3855
3856
3857
3858
3859
3885
3886
3887
3888
3889
3915
3916
3917
3918
3919
3945
3946
3947
3948
3949
3975
3976
3977
3978
3979
4005
4006
4007
4008
4009
4035
4036
4037
4038
4039
4065
4066
4067
4068
4069
4095
4096
4097
4098
4099
4125
4126
4127
4128
4129
4155
4156
4157
4158
4159
4185
4186
4187
4188
4189
4215
4216
4217
4218
4219
4245
4246
4247
4248
4249
4275
4276
4277
4278
4279
4305
4306
4307
4308
4309
4335
4336
4337
4338
4339
4365
4366
4367
4368
4369
4395
4396
4397
4398
4399
4425
4426
4427
4428
4429
4455
4456
4457
4458
4459
4485
4486
4487
4488
4489
4515
4516
4517
4518
4519
4545
4546
4547
4548
4549
4575
4576
4577
4578
4579
4605
4606
4607
4608
4609
4635
4636
4637
4638
4639
4665
4666
4667
4668
4669
4695
4696
4697
4698
4699
4725
4726
4727
4728
4729
4755
4756
4757
4758
4759
4785
4786
4787
4788
4789
4815
4816
4817
4818
4819
4845
4846
4847
4848
4849
4875
4876
4877
4878
4879
4905
4906
4907
4908
4909
4935
4936
4937
4938
4939
4965
4966
4967
4968
4969
4995
4996
4997
4998
4999
5025
5026
5027
5028
5029
5055
5056
5057
5058
5059
5085
5086
5087
5088
5089
5115
5116
5117
5118
5119
5145
5146
5147
5148
5149
5175
5176
5177
5178
5179
5205
5206
5207
5208
5209
5235
5236
5237
5238
5239
5265
5266
5267
5268
5269
5295
5296
5297
5298
5299
5325
5326
5327
5328
5329
5355
5356
5357
5358
5359
5385
5386
5387
5388
5389
5415
5416
5417
5418
5419
5445
5446
5447
5448
5449
5475
5476
5477
5478
5479
