0
1
2
3
4
30
31
32
33
34
60
61
62
63
64
90
91
92
93
94
120
121
122
123
124
150
151
152
153
154
180
181
182
183
184
210
211
212
213
214
240
241
242
243
244
270
271
272
273
274
300
301
302
303
304
330
331
332
333
334
360
361
362
363
364
390
391
392
393
394
420
421
422
423
424
450
451
452
453
454
480
481
482
483
484
510
511
512
513
514
540
541
542
543
544
570
571
572
573
574
600
601
602
603
604
630
631
632
633
634
660
661
662
663
664
690
691
692
693
694
720
721
722
723
724
750
751
752
753
754
780
781
782
783
784
810
811
812
813
814
840
841
842
843
844
870
871
872
873
874
900
901
902
903
904
930
931
932
933
934
960
961
962
963
964
990
991
992
993
994
1020
1021
1022
1023
1024
1050
1051
1052
1053
1054
1080
1081
1082
1083
1084
1110
1111
1112
1113
1114
1140
1141
1142
1143
1144
1170
1171
1172
1173
1174
1200
1201
1202
1203
1204
1230
1231
1232
1233
1234
1260
1261
1262
1263
1264
1290
1291
1292
1293
1294
1320
1321
1322
1323
1324
1350
1351
1352
1353
1354
1380
1381
1382
1383
1384
1410
1411
1412
1413
1414
1440
1441
1442
1443
1444
1470
1471
1472
1473
1474
1500
1501
1502
1503
1504
1530
1531
1532
1533
1534
1560
1561
1562
1563
1564
1590
1591
1592
1593
1594
1620
1621
1622
1623
1624
1650
1651
1652
1653
1654
1680
1681
1682
1683
1684
1710
1711
1712
1713
1714
1740
1741
1742
1743
1744
1770
1771
1772
1773
1774
1800
1801
1802
1803
1804
1830
1831
1832
1833
1834
1860
1861
1862
1863
1864
1890
1891
1892
1893
1894
1920
1921
1922
1923
1924
1950
1951
1952
1953
1954
1980
1981
1982
1983
1984
2010
2011
2012
2013
2014
2040
2041
2042
2043
2044
2070
2071
2072
2073
2074
2100
2101
2102
2103
2104
2130
2131
2132
2133
2134
2160
2161
2162
2163
2164
2190
2191
2192
2193
2194
2220
2221
2222
2223
2224
2250
2251
2252
2253
2254
2280
2281
2282
2283
2284
2310
2311
2312
2313
2314
2340
2341
2342
2343
2344
2370
2371
2372
2373
2374
2400
2401
2402
2403
2404
2430
2431
2432
2433
2434
2460
2461
2462
2463
2464
2490
2491
2492
2493
2494
2520
2521
2522
2523
2524
2550
2551
2552
2553
2554
2580
2581
2582
2583
2584
2610
2611
2612
2613
2614
2640
2641
2642
2643
2644
2670
2671
2672
2673
2674
2700
2701
2702
2703
2704
2730
2731
2732
2733
2734
2760
2761
2762
2763
2764
2790
2791
2792
2793
2794
2820
2821
2822
2823
2824
2850
2851
2852
2853
2854
2880
2881
2882
2883
2884
2910
2911
2912
2913
2914
2940
2941
2942
2943
2944
2970
2971
2972
2973
2974
3000
3001
3002
3003
3004
3030
3031
3032
3033
3034
3060
3061
3062
3063
3064
3090
3091
3092
3093
3094
3120
3121
3122
3123
3124
3150
3151
3152
3153
3154
3180
3181
3182
3183
3184
3210
3211
3212
3213
3214
3240
3241
3242
3243
3244
3270
3271
3272
3273
3274
3300
3301
3302
3303
3304
3330
3331
3332
3333
3334
3360
3361
3362
3363
3364
3390
3391
3392
3393
3394
3420
3421
3422
3423
3424
3450
3451
3452
3453
3454
3480
3481
3482
3483
3484
3510
3511
3512
3513
3514
3540
3541
3542
3543
3544
3570
3571
3572
3573
3574
3600
3601
3602
3603
3604
3630
3631
3632
3633
3634
3660
3661
3662
3663
3664
3690
3691
3692
3693
3694
3720
3721
3722
3723
3724
3750
3751
3752
3753
3754
3780
3781
3782
3783
3784
3810
3811
3812
3813
3814
3840
3841
3842
3843
3844
3870
3871
3872
3873
3874
3900
3901
3902
3903
3904
3930
3931
3932
3933
3934
3960
3961
3962
3963
3964
3990
3991
3992
3993
3994
4020
4021
4022
4023
4024
4050
4051
4052
4053
4054
4080
4081
4082
4083
4084
4110
4111
4112
4113
4114
4140
4141
4142
4143
4144
4170
4171
4172
4173
4174
4200
4201
4202
4203
4204
4230
4231
4232
4233
4234
4260
4261
4262
4263
4264
4290
4291
4292
4293
4294
4320
4321
4322
4323
4324
4350
4351
4352
4353
4354
4380
4381
4382
4383
4384
4410
4411
4412
4413
4414
4440
4441
4442
4443
4444
4470
4471
4472
4473
4474
4500
4501
4502
4503
4504
4530
4531
4532
4533
4534
4560
4561
4562
4563
4564
4590
4591
4592
4593
4594
4620
4621
4622
4623
4624
4650
4651
4652
4653
4654
4680
4681
4682
4683
4684
4710
4711
4712
4713
4714
4740
4741
4742
4743
4744
4770
4771
4772
4773
4774
4800
4801
4802
4803
4804
4830
4831
4832
4833
4834
4860
4861
4862
4863
4864
4890
4891
4892
4893
4894
4920
4921
4922
4923
4924
4950
4951
4952
4953
4954
4980
4981
4982
4983
4984
5010
5011
5012
5013
5014
5040
5041
5042
5043
5044
5070
5071
5072
5073
5074
5100
5101
5102
5103
5104
5130
5131
5132
5133
5134
5160
5161
5162
5163
5164
5190
5191
5192
5193
5194
5220
5221
5222
5223
5224
5250
5251
5252
5253
5254
5280
5281
5282
5283
5284
5310
5311
5312
5313
5314
5340
5341
5342
5343
5344
5370
5371
5372
5373
5374
5400
5401
5402
5403
5404
5430
5431
5432
5433
5434
5460
5461
5462
5463
5464
