10
11
12
13
14
40
41
42
43
44
70
71
72
73
74
100
101
102
103
104
130
131
132
133
134
160
161
162
163
164
190
191
192
193
194
220
221
222
223
224
250
251
252
253
254
280
281
282
283
284
310
311
312
313
314
340
341
342
343
344
370
371
372
373
374
400
401
402
403
404
430
431
432
433
434
460
461
462
463
464
490
491
492
493
494
520
521
522
523
524
550
551
552
553
554
580
581
582
583
584
610
611
612
613
614
640
641
642
643
644
670
671
672
673
674
700
701
702
703
704
730
731
732
733
734
760
761
762
763
764
790
791
792
793
794
820
821
822
823
824
850
851
852
853
854
880
881
882
883
884
910
911
912
913
914
940
941
942
943
944
970
971
972
973
974
1000
1001
1002
1003
1004
1030
1031
1032
1033
1034
1060
1061
1062
1063
1064
1090
1091
1092
1093
1094
1120
1121
1122
1123
1124
1150
1151
1152
1153
1154
1180
1181
1182
1183
1184
1210
1211
1212
1213
1214
1240
1241
1242
1243
1244
1270
1271
1272
1273
1274
1300
1301
1302
1303
1304
1330
1331
1332
1333
1334
1360
1361
1362
1363
1364
1390
1391
1392
1393
1394
1420
1421
1422
1423
1424
1450
1451
1452
1453
1454
1480
1481
1482
1483
1484
1510
1511
1512
1513
1514
1540
1541
1542
1543
1544
1570
1571
1572
1573
1574
1600
1601
1602
1603
1604
1630
1631
1632
1633
1634
1660
1661
1662
1663
1664
1690
1691
1692
1693
1694
1720
1721
1722
1723
1724
1750
1751
1752
1753
1754
1780
1781
1782
1783
1784
1810
1811
1812
1813
1814
1840
1841
1842
1843
1844
1870
1871
1872
1873
1874
1900
1901
1902
1903
1904
1930
1931
1932
1933
1934
1960
1961
1962
1963
1964
1990
1991
1992
1993
1994
2020
2021
2022
2023
2024
2050
2051
2052
2053
2054
2080
2081
2082
2083
2084
2110
2111
2112
2113
2114
2140
2141
2142
2143
2144
2170
2171
2172
2173
2174
2200
2201
2202
2203
2204
2230
2231
2232
2233
2234
2260
2261
2262
2263
2264
2290
2291
2292
2293
2294
2320
2321
2322
2323
2324
2350
2351
2352
2353
2354
2380
2381
2382
2383
2384
2410
2411
2412
2413
2414
2440
2441
2442
2443
2444
2470
2471
2472
2473
2474
2500
2501
2502
2503
2504
2530
2531
2532
2533
2534
2560
2561
2562
2563
2564
2590
2591
2592
2593
2594
2620
2621
2622
2623
2624
2650
2651
2652
2653
2654
2680
2681
2682
2683
2684
2710
2711
2712
2713
2714
2740
2741
2742
2743
2744
2770
2771
2772
2773
2774
2800
2801
2802
2803
2804
2830
2831
2832
2833
2834
2860
2861
2862
2863
2864
2890
2891
2892
2893
2894
2920
2921
2922
2923
2924
2950
2951
2952
2953
2954
2980
2981
2982
2983
2984
3010
3011
3012
3013
3014
3040
3041
3042
3043
3044
3070
3071
3072
3073
3074
3100
3101
3102
3103
3104
3130
3131
3132
3133
3134
3160
3161
3162
3163
3164
3190
3191
3192
3193
3194
3220
3221
3222
3223
3224
3250
3251
3252
3253
3254
3280
3281
3282
3283
3284
3310
3311
3312
3313
3314
3340
3341
3342
3343
3344
3370
3371
3372
3373
3374
3400
3401
3402
3403
3404
3430
3431
3432
3433
3434
3460
3461
3462
3463
3464
3490
3491
3492
3493
3494
3520
3521
3522
3523
3524
3550
3551
3552
3553
3554
3580
3581
3582
3583
3584
3610
3611
3612
3613
3614
3640
3641
3642
3643
3644
3670
3671
3672
3673
3674
3700
3701
3702
3703
3704
3730
3731
3732
3733
3734
3760
3761
3762
3763
3764
3790
3791
3792
3793
3794
3820
3821
3822
3823
3824
3850
3851
3852
3853
3854
3880
3881
3882
3883
3884
3910
3911
3912
3913
3914
3940
3941
3942
3943
3944
3970
3971
3972
3973
3974
4000
4001
4002
4003
4004
4030
4031
4032
4033
4034
4060
4061
4062
4063
4064
4090
4091
4092
4093
4094
4120
4121
4122
4123
4124
4150
4151
4152
4153
4154
4180
4181
4182
4183
4184
4210
4211
4212
4213
4214
4240
4241
4242
4243
4244
4270
4271
4272
4273
4274
4300
4301
4302
4303
4304
4330
4331
4332
4333
4334
4360
4361
4362
4363
4364
4390
4391
4392
4393
4394
4420
4421
4422
4423
4424
4450
4451
4452
4453
4454
4480
4481
4482
4483
4484
4510
4511
4512
4513
4514
4540
4541
4542
4543
4544
4570
4571
4572
4573
4574
4600
4601
4602
4603
4604
4630
4631
4632
4633
4634
4660
4661
4662
4663
4664
4690
4691
4692
4693
4694
4720
4721
4722
4723
4724
4750
4751
4752
4753
4754
4780
4781
4782
4783
4784
4810
4811
4812
4813
4814
4840
4841
4842
4843
4844
4870
4871
4872
4873
4874
4900
4901
4902
4903
4904
4930
4931
4932
4933
4934
4960
4961
4962
4963
4964
4990
4991
4992
4993
4994
5020
5021
5022
5023
5024
5050
5051
5052
5053
5054
5080
5081
5082
5083
5084
5110
5111
5112
5113
5114
5140
5141
5142
5143
5144
5170
5171
5172
5173
5174
5200
5201
5202
5203
5204
5230
5231
5232
5233
5234
5260
5261
5262
5263
5264
5290
5291
5292
5293
5294
5320
5321
5322
5323
5324
5350
5351
5352
5353
5354
5380
5381
5382
5383
5384
5410
5411
5412
5413
5414
5440
5441
5442
5443
5444
5470
5471
5472
5473
5474
