5
6
7
8
9
35
36
37
38
39
65
66
67
68
69
95
96
97
98
99
125
126
127
128
129
155
156
157
158
159
185
186
187
188
189
215
216
217
218
219
245
246
247
248
249
275
276
277
278
279
305
306
307
308
309
335
336
337
338
339
365
366
367
368
369
395
396
397
398
399
425
426
427
428
429
455
456
457
458
459
485
486
487
488
489
515
516
517
518
519
545
546
547
548
549
575
576
577
578
579
605
606
607
608
609
635
636
637
638
639
665
666
667
668
669
695
696
697
698
699
725
726
727
728
729
755
756
757
758
759
785
786
787
788
789
815
816
817
818
819
845
846
847
848
849
875
876
877
878
879
905
906
907
908
909
935
936
937
938
939
965
966
967
968
969
995
996
997
998
999
1025
1026
1027
1028
1029
1055
1056
1057
1058
1059
1085
1086
1087
1088
1089
1115
1116
1117
1118
1119
1145
1146
1147
1148
1149
1175
1176
1177
1178
1179
1205
1206
1207
1208
1209
1235
1236
1237
1238
1239
1265
1266
1267
1268
1269
1295
1296
1297
1298
1299
1325
1326
1327
1328
1329
1355
1356
1357
1358
1359
1385
1386
1387
1388
1389
1415
1416
1417
1418
1419
1445
1446
1447
1448
1449
1475
1476
1477
1478
1479
1505
1506
1507
1508
1509
1535
1536
1537
1538
1539
1565
1566
1567
1568
1569
1595
1596
1597
1598
1599
1625
1626
1627
1628
1629
1655
1656
1657
1658
1659
1685
1686
1687
1688
1689
1715
1716
1717
1718
1719
1745
1746
1747
1748
1749
1775
1776
1777
1778
1779
1805
1806
1807
1808
1809
1835
1836
1837
1838
1839
1865
1866
1867
1868
1869
1895
1896
1897
1898
1899
1925
1926
1927
1928
1929
1955
1956
1957
1958
1959
1985
1986
1987
1988
1989
2015
2016
2017
2018
2019
2045
2046
2047
2048
2049
2075
2076
2077
2078
2079
2105
2106
2107
2108
2109
2135
2136
2137
2138
2139
2165
2166
2167
2168
2169
2195
2196
2197
2198
2199
2225
2226
2227
2228
2229
2255
2256
2257
2258
2259
2285
2286
2287
2288
2289
2315
2316
2317
2318
2319
2345
2346
2347
2348
2349
2375
2376
2377
2378
2379
2405
2406
2407
2408
2409
2435
2436
2437
2438
2439
2465
2466
2467
2468
2469
2495
2496
2497
2498
2499
2525
2526
2527
2528
2529
2555
2556
2557
2558
2559
2585
2586
2587
2588
2589
2615
2616
2617
2618
2619
2645
2646
2647
2648
2649
2675
2676
2677
2678
2679
2705
2706
2707
2708
2709
2735
2736
2737
2738
2739
2765
2766
2767
2768
2769
2795
2796
2797
2798
2799
2825
2826
2827
2828
2829
2855
2856
2857
2858
2859
2885
2886
2887
2888
2889
2915
2916
2917
2918
2919
2945
2946
2947
2948
2949
2975
2976
2977
2978
2979
3005
3006
3007
3008
3009
3035
3036
3037
3038
3039
3065
3066
3067
3068
3069
3095
3096
3097
3098
3099
3125
3126
3127
3128
3129
3155
3156
3157
3158
3159
3185
3186
3187
3188
3189
3215
3216
3217
3218
3219
3245
3246
3247
3248
3249
3275
3276
3277
3278
3279
3305
3306
3307
3308
3309
3335
3336
3337
3338
3339
3365
3366
3367
3368
3369
3395
3396
3397
3398
3399
3425
3426
3427
3428
3429
3455
3456
3457
3458
3459
3485
3486
3487
3488
3489
3515
3516
3517
3518
3519
3545
3546
3547
3548
3549
3575
3576
3577
3578
3579
3605
3606
3607
3608
3609
3635
3636
3637
3638
3639
3665
3666
3667
3668
3669
3695
3696
3697
3698
3699
3725
3726
3727
3728
3729
3755
3756
3757
3758
3759
3785
3786
3787
3788
3789
3815
3816
3817
3818
3819
3845
3846
3847
3848
3849
3875
3876
3877
3878
3879
3905
3906
3907
3908
3909
3935
3936
3937
3938
3939
3965
3966
3967
3968
3969
3995
3996
3997
3998
3999
4025
4026
4027
4028
4029
4055
4056
4057
4058
4059
4085
4086
4087
4088
4089
4115
4116
4117
4118
4119
4145
4146
4147
4148
4149
4175
4176
4177
4178
4179
4205
4206
4207
4208
4209
4235
4236
4237
4238
4239
4265
4266
4267
4268
4269
4295
4296
4297
4298
4299
4325
4326
4327
4328
4329
4355
4356
4357
4358
4359
4385
4386
4387
4388
4389
4415
4416
4417
4418
4419
4445
4446
4447
4448
4449
4475
4476
4477
4478
4479
4505
4506
4507
4508
4509
4535
4536
4537
4538
4539
4565
4566
4567
4568
4569
4595
4596
4597
4598
4599
4625
4626
4627
4628
4629
4655
4656
4657
4658
4659
4685
4686
4687
4688
4689
4715
4716
4717
4718
4719
4745
4746
4747
4748
4749
4775
4776
4777
4778
4779
4805
4806
4807
4808
4809
4835
4836
4837
4838
4839
4865
4866
4867
4868
4869
4895
4896
4897
4898
4899
4925
4926
4927
4928
4929
4955
4956
4957
4958
4959
4985
4986
4987
4988
4989
5015
5016
5017
5018
5019
5045
5046
5047
5048
5049
5075
5076
5077
5078
5079
5105
5106
5107
5108
5109
5135
5136
5137
5138
5139
5165
5166
5167
5168
5169
5195
5196
5197
5198
5199
5225
5226
5227
5228
5229
5255
5256
5257
5258
5259
5285
5286
5287
5288
5289
5315
5316
5317
5318
5319
5345
5346
5347
5348
5349
5375
5376
5377
5378
5379
5405
5406
5407
5408
5409
5435
5436
5437
5438
5439
5465
5466
5467
5468
5469
